$ 3 0.005 382.76258214399064 50 5 50 5e-11
w 1472 424 1400 424 0
w 1472 328 1472 424 0
w 1472 160 1400 160 0
w 1472 264 1472 160 0
w 1304 192 1304 328 0
w 1304 328 1304 456 0
I 768 536 768 608 0 0.5 5
w 920 632 1184 632 0
w 920 624 1088 624 0
w 920 616 992 616 0
152 920 624 816 624 1 3 0 5
w 1400 400 1400 424 0
w 1192 400 1400 400 0
w 1192 480 1192 400 0
w 1400 272 1400 296 0
w 1096 272 1400 272 0
w 1096 480 1096 272 0
w 1176 424 1304 424 0
w 1080 296 1304 296 0
w 1080 296 1080 480 0
w 928 296 1080 296 0
w 1400 128 1400 160 0
w 1000 128 1400 128 0
w 1000 480 1000 128 0
w 1304 160 984 160 0
154 1184 480 1184 632 1 2 0 5
154 1088 480 1088 624 1 2 0 5
154 992 480 992 616 1 2 0 5
155 1304 424 1416 424 0 5
155 1304 296 1416 296 0 5
155 1304 160 1416 160 0 5
w 768 456 672 456 0
w 1176 424 1176 480 0
w 896 160 984 160 0
w 984 480 984 160 0
197 1576 232 1584 232 0
w 1576 264 1472 264 0
w 1576 296 1400 296 0
w 1472 328 1576 328 0
g 1576 232 1536 232 0 0
157 1800 232 2024 232 0 7 0 0
w 1704 232 1800 232 0
w 1704 264 1800 264 0
w 1704 296 1800 296 0
w 1704 328 1800 328 0
w 1704 360 1864 360 0
w 1704 392 1896 392 0
w 1896 392 1896 360 0
w 1928 360 1928 424 0
w 1704 424 1928 424 0
w 960 424 1176 424 0
r 776 768 880 768 0 20000
w 664 768 664 840 0
r 664 768 776 768 0 560000
w 664 840 768 840 0
r 880 704 984 704 0 100000
w 1304 456 1304 576 0
w 960 760 1232 760 0
w 664 616 664 768 0
w 880 752 880 704 2
r 832 704 880 704 0 150000
g 984 704 1024 704 0 0
R 832 704 792 704 0 0 40 5 0 0 0.5
178 800 840 800 928 6 1 0.2 0 0.05 1000000 0.02 20 0.015 0.005 0
r 768 928 768 1000 0 200
g 768 1000 768 1040 0 0
w 880 768 880 840 2
r 880 840 816 840 0 200
w 800 840 816 840 0
c 880 840 880 960 4 0.000047 4.15e-322 0 0
w 880 960 816 960 0
w 816 928 816 960 0
g 880 960 880 1008 0 0
a 880 760 960 760 10 5 0 1000000 2 4.15e-322 100000
w 672 544 616 544 0
w 672 536 568 536 0
w 672 528 472 528 0
152 672 536 768 536 1 3 0 5
w 792 0 1016 0 0
w 1016 -64 1016 0 0
w 984 -32 984 -64 0
w 792 -32 984 -32 0
w 792 -64 952 -64 0
w 792 -96 888 -96 0
w 792 -128 888 -128 0
w 792 -160 888 -160 0
w 792 -192 888 -192 0
157 888 -192 1112 -192 0 7 0 0
g 664 -192 624 -192 0 0
w 664 -96 608 -96 0
w 608 328 608 -96 0
w 664 -128 512 -128 0
w 512 296 512 -128 0
w 664 -160 416 -160 0
w 416 264 416 -160 0
197 664 -192 672 -192 0
w 432 408 432 112 0
w 528 408 528 80 0
w 624 408 624 48 0
w 960 48 624 48 0
w 528 80 928 80 0
w 432 112 896 112 0
w 960 424 960 48 0
w 928 296 928 80 0
w 960 424 896 424 0
w 928 296 896 296 0
w 896 160 896 112 0
154 616 408 616 544 1 2 0 5
154 520 408 520 536 1 2 0 5
154 424 408 424 528 1 2 0 5
w 608 328 608 408 0
w 512 296 512 408 0
w 416 264 416 408 0
w 608 328 736 328 0
w 736 328 736 424 0
w 800 424 736 424 0
w 512 296 800 296 0
w 416 264 736 264 0
w 736 160 736 264 0
w 800 160 736 160 0
w 768 328 768 360 0
w 768 192 472 192 0
w 800 456 768 456 0
w 800 328 768 328 0
w 800 192 768 192 0
155 800 424 912 424 0 5
155 800 296 912 296 0 5
155 800 160 912 160 0 5
R 72 8 72 -32 0 0 40 5 0 0 0.5
w 104 -72 104 24 0
w 64 -72 104 -72 0
w 64 -120 64 -72 0
374 -264 -80 -376 -80 0 0.9604 Light\sBrightness
g -264 96 -264 128 0 0
r -264 -80 -264 96 0 31690
c -24 -120 -104 -120 4 0.00001 -0.000019434590700306842 0.001 0
w 64 -120 -24 -120 0
w -184 -120 -104 -120 0
w -184 -80 -184 -120 0
r -184 -80 -264 -80 0 1600
r -112 -80 -184 -80 0 1600
g -112 104 -112 128 0 0
c -112 -80 -112 104 4 0.00001 4.4434785047253245 0.001 0
w -88 -80 -112 -80 0
g -16 56 -16 104 0 0
r -16 -24 -16 56 0 1600
w -88 -24 -88 -64 0
w -16 -24 -88 -24 0
w -16 -72 -16 -24 0
w -16 -72 64 -72 0
w -40 -72 -16 -72 0
a -88 -72 -40 -72 11 5 0 1000000 4.443459070134623 4.4434785047253245 100000
R -376 -80 -432 -80 0 0 40 5 0 0 0.5
w 352 328 608 328 0
w 376 296 512 296 0
w 400 264 416 264 0
w 352 208 352 264 0
w 352 368 352 328 0
w 248 208 352 208 0
w 256 112 216 112 0
w 256 288 256 112 0
w 248 208 200 208 0
w 248 296 248 208 0
w 280 288 256 288 0
w 280 296 248 296 0
w 184 304 280 304 0
154 280 296 352 296 1 3 5 5
w 224 344 288 344 0
w 224 64 224 344 0
w 176 64 224 64 0
w 216 352 288 352 0
w 216 112 216 352 0
w 176 112 216 112 0
w 208 360 288 360 0
w 208 160 208 360 0
w 176 160 208 160 0
w 200 368 288 368 0
w 200 208 200 368 0
w 176 208 200 208 0
w 192 376 288 376 0
w 192 256 192 376 0
w 176 256 192 256 0
w 184 384 288 384 0
w 184 304 184 384 0
w 176 304 184 304 0
w 176 392 288 392 0
w 176 352 176 392 0
154 288 368 352 368 1 7 5 5
g 72 392 72 400 0 0
w 104 72 104 24 0
w 104 312 104 360 0
w 104 264 104 312 0
w 104 216 104 264 0
w 104 168 104 216 0
w 104 120 104 168 0
w 104 72 104 120 0
w 72 344 104 344 0
w 72 296 104 296 0
w 72 248 104 248 0
w 72 200 104 200 0
w 72 152 104 152 0
w 72 104 104 104 0
w 72 56 104 56 0
r 72 344 72 392 0 1000
r 72 296 72 344 0 1000
r 72 248 72 296 0 1000
r 72 200 72 248 0 1000
r 72 152 72 200 0 1000
r 72 104 72 152 0 1000
r 72 56 72 104 0 1000
r 72 8 72 56 0 1000
a 104 352 176 352 10 5 0 1000000 0.6249999999999997 4.443459070134623 100000
a 104 304 176 304 10 5 0 1000000 1.2499999999999993 4.443459070134623 100000
a 104 256 176 256 10 5 0 1000000 1.8749999999999991 4.443459070134623 100000
a 104 208 176 208 10 5 0 1000000 2.499999999999999 4.443459070134623 100000
a 104 160 176 160 10 5 0 1000000 3.1249999999999996 4.443459070134623 100000
a 104 112 176 112 10 5 0 1000000 3.75 4.443459070134623 100000
a 104 64 176 64 10 5 0 1000000 4.375 4.443459070134623 100000
403 824 520 952 584 0 122_64_0_4098_0.0000762939453125_0.1_-1_2_122_3
403 144 -168 272 -104 0 129_64_0_4098_5_0.1_-1_2_129_3
403 -360 -200 -232 -136 0 134_64_0_4098_5_0.1_-1_2_134_3
w 752 624 816 624 0
403 512 608 640 672 0 58_64_0_4098_0.0000762939453125_0.1_-1_2_58_3
w 664 616 680 616 0
w 672 456 672 544 0
w 568 536 568 360 0
w 568 360 768 360 0
w 520 536 568 536 0
w 472 192 472 528 0
w 424 528 472 528 0
150 752 616 680 616 1 2 0 5
w 752 608 768 608 0
w 1232 592 1232 760 0
w 768 536 808 536 0
w 808 536 808 592 0
w 808 592 1208 592 0
S 1296 576 1232 576 0 0 false 0 2
w 1232 560 1208 560 0
w 1208 560 1208 592 0
w 1296 576 1304 576 0
196 -16 688 296 688 4098 4
196 -448 688 -136 688 4098 4
w 352 368 352 592 0
w 376 296 376 576 0
w 352 296 376 296 0
w 400 264 400 552 0
w 352 264 400 264 0
w 240 656 240 592 0
w 240 592 352 592 0
w 208 656 208 576 0
w 376 576 208 576 0
w 176 656 176 552 0
w 176 552 400 552 0
w 144 656 144 632 0
w 144 632 272 632 0
w 272 632 272 656 0
g 272 632 312 632 0 0
155 352 968 472 968 2 0
155 200 968 320 968 2 0
155 48 968 168 968 2 0
155 -96 968 24 968 2 0
155 -248 968 -128 968 2 0
155 -416 968 -296 968 2 0
155 -584 968 -464 968 2 0
155 -744 968 -624 968 2 0
w 176 752 176 808 0
w 176 808 352 808 0
w 352 808 352 968 0
w 200 968 200 832 0
w 48 968 48 856 0
w -96 968 -96 824 0
w -256 968 -256 752 0
w 144 752 144 832 0
w 144 832 200 832 0
w 112 752 112 856 0
w 112 856 48 856 0
w 80 752 80 824 0
w 80 824 -96 824 0
w -160 656 -40 656 0
w -40 656 -40 752 0
w -40 752 16 752 0
w -760 968 -760 800 0
w -760 800 -352 800 0
w -352 800 -352 752 0
w -584 968 -584 824 0
w -584 824 -320 824 0
w -320 824 -320 752 0
w -288 752 -288 856 0
w -288 856 -416 856 0
w -416 856 -416 968 0
w -256 968 -248 968 0
w 448 968 464 968 0
w 296 968 312 968 0
w 144 968 160 968 0
w 0 968 16 968 0
w -152 968 -136 968 0
w -320 968 -304 968 0
w -488 968 -472 968 0
w 464 1072 -776 1072 0
w 312 1088 -792 1096 0
w 160 1112 -808 1120 0
w 16 1136 -824 1144 0
w 464 968 464 1072 0
w 312 968 312 1088 0
w 160 968 160 1112 0
w 16 968 16 1136 0
w -136 1160 -840 1168 0
w -136 968 -136 1160 0
w -304 1184 -856 1184 0
w -304 968 -304 1184 0
w -472 1208 -872 1208 0
w -472 968 -472 1208 0
w -640 1232 -888 1232 0
w -640 968 -640 1232 0
w -776 1072 -776 632 0
w -792 1096 -792 608 0
w -808 1120 -808 584 0
w -824 1144 -824 560 0
w -840 1168 -840 536 0
w -856 512 -856 1184 0
w -872 488 -872 1208 0
w -888 464 -888 1232 0
w 112 656 112 632 0
w 112 632 -776 632 0
w 80 608 -792 608 0
w 48 584 -808 584 0
w 16 560 -824 560 0
w 80 656 80 608 0
w 48 656 48 584 0
w 16 656 16 560 0
w -320 536 -840 536 0
w -352 512 -856 512 0
w -384 488 -872 488 0
w -416 464 -888 464 0
w -416 656 -416 464 0
w -384 656 -384 488 0
w -352 656 -352 512 0
w -320 656 -320 536 0
w -288 656 -288 536 0
w -256 656 -256 536 0
w -224 656 -224 536 0
w -192 656 -192 536 0
w -288 536 -256 536 0
w -256 536 -224 536 0
w -224 536 -192 536 0
w -192 536 144 536 0
w 144 536 144 632 0
419 -432 256 -312 256 6144 8
w -416 464 -400 352 0
w -384 488 -368 352 0
w -352 512 -336 352 0
w -320 536 -304 352 0
w 16 560 -272 352 0
w 48 584 48 512 0
w 48 512 -240 352 0
w 80 608 80 472 0
w 112 632 112 456 0
w 112 456 -176 352 0
w 80 472 -208 352 0
165 -1464 888 -1288 888 6 4.999999950000001
r -1512 920 -1512 984 0 10000
r -1512 904 -1512 856 0 1000
c -1512 1048 -1512 1112 4 0.001 2.28902920634834 0.001 0
g -1368 1048 -1368 1080 0 0
R -1400 808 -1400 728 0 0 40 5 0 0 0.5
w -1512 856 -1400 856 0
w -1512 904 -1512 920 0
w -1512 920 -1464 920 0
w -1512 984 -1464 984 0
w -1464 1016 -1464 984 0
w -1464 1016 -1512 1016 0
w -1512 1016 -1512 1048 0
s -1400 856 -1400 808 0 0 false
w -1336 952 -1288 952 0
164 -1200 952 -1136 952 0 6 0 0 0 0 0 0 false 0
w -968 952 -968 1368 0
w -928 936 -744 936 0
w -744 936 -624 936 0
w -624 936 -624 1000 0
w -624 1000 -584 1000 0
w -624 936 -456 936 0
w -456 936 -456 1000 0
w -456 1000 -416 1000 0
w -456 936 -272 936 0
w -272 936 -272 1000 0
w -272 1000 -248 1000 0
w -272 936 -120 936 0
w -120 936 -120 1000 0
w -96 1000 -120 1000 0
w -120 936 32 936 0
w 32 936 32 1000 0
w 32 1000 48 1000 0
w -648 968 -640 968 0
w -760 968 -744 968 0
w -1200 896 -1200 952 0
w -744 1000 -744 936 0
w -744 1032 -744 1256 0
w -584 1032 -584 1256 0
w -416 1032 -416 1256 0
w -248 1032 -248 1256 0
w -96 1032 -96 1256 0
w 48 1032 48 1256 0
w 200 1032 200 1256 0
w 352 1032 352 1256 0
w -744 1256 -584 1256 0
w -584 1256 -416 1256 0
w -416 1256 -248 1256 0
w -248 1256 -96 1256 0
w -96 1256 48 1256 0
w 48 1256 200 1256 0
w 200 1256 352 1256 0
w -744 1256 -1336 1264 0
w 32 936 176 936 0
w 176 936 328 936 0
w 328 936 328 1000 0
w 328 1000 352 1000 0
w 176 936 176 1000 0
w 176 1000 200 1000 0
g -1512 1112 -1512 1160 0 0
I -1288 952 -1200 952 0 0.5 5
155 -272 1336 -152 1336 0 0
155 -272 1632 -152 1632 0 0
155 -272 1480 -152 1480 0 0
w -304 1184 -304 1336 0
w -304 1336 -272 1336 0
w -472 1208 -472 1480 0
w -272 1480 -472 1480 0
w -640 1232 -640 1632 0
w -640 1632 -272 1632 0
w -272 1368 -272 1512 0
w -272 1512 -272 1664 0
w -272 1368 -968 1368 0
w 120 1328 200 1328 0
g 200 1328 200 1368 0 0
w 296 1544 296 1512 0
w 184 1544 296 1544 0
w 280 1528 280 1512 0
w 184 1528 280 1528 0
w 184 1512 264 1512 0
w 184 1496 232 1496 0
w 184 1480 232 1480 0
w 184 1464 232 1464 0
w 184 1448 232 1448 0
157 232 1448 256 1448 1 7 0 0
197 120 1448 128 1448 1
w 120 1448 120 1328 0
w -176 1480 120 1480 0
w -176 1336 -128 1336 0
w 120 1464 -112 1464 0
w -128 1336 -128 1496 0
w 120 1496 -128 1496 0
w -112 1464 -112 1632 0
w -176 1632 -112 1632 0
w -1200 896 -928 896 0
w -928 896 -928 936 0
w -1104 952 -968 952 0
419 -1032 592 -872 592 0 6
w -1104 984 -1032 624 0
w -1032 656 -1104 1016 0
w -1032 688 -1104 1048 0
w -1104 1080 -1032 720 0
w -1104 1112 -1032 752 0
w -1104 952 -1032 592 0
w -1336 1264 -1336 1112 0
w -1336 1112 -1200 1112 0
w -1336 920 -1336 848 0
w -1336 848 -1256 848 0
I -1168 848 -1256 848 0 0.5 5
w -1168 848 -1104 848 0
w -1104 848 -1104 952 0
s -1336 1264 -1408 1264 0 1 true
R -1408 1264 -1472 1264 0 0 40 5 0 0 0.5
38 134 F1 0 1000 100000 -1 Resistance
